object Form1: TForm1
  Left = 0
  Top = 0
  Caption = 'Form1'
  ClientHeight = 480
  ClientWidth = 640
  FormFactor.Width = 320
  FormFactor.Height = 480
  FormFactor.Devices = [Desktop]
  DesignerMasterStyle = 0
  object CastleControl1: TCastleControl
    Align = Client
    Size.Width = 339.000000000000000000
    Size.Height = 460.000000000000000000
    Size.PlatformDefault = False
    Margins.Left = 10.000000000000000000
    Margins.Top = 10.000000000000000000
    Margins.Right = 10.000000000000000000
    Margins.Bottom = 10.000000000000000000
    TabOrder = 1
  end
  object Memo1: TMemo
    Touch.InteractiveGestures = [Pan, LongTap, DoubleTap]
    DataDetectorTypes = []
    Align = Right
    Margins.Left = 10.000000000000000000
    Margins.Top = 10.000000000000000000
    Margins.Right = 10.000000000000000000
    Margins.Bottom = 10.000000000000000000
    Position.X = 389.000000000000000000
    Position.Y = 10.000000000000000000
    Size.Width = 241.000000000000000000
    Size.Height = 460.000000000000000000
    Size.PlatformDefault = False
    TabOrder = 2
    Viewport.Width = 237.000000000000000000
    Viewport.Height = 456.000000000000000000
  end
  object Splitter1: TSplitter
    Align = Right
    Cursor = crHSplit
    MinSize = 20.000000000000000000
    Position.X = 359.000000000000000000
    Size.Width = 20.000000000000000000
    Size.Height = 480.000000000000000000
    Size.PlatformDefault = False
  end
end
